图像1-14的去透视矩阵，如：输入1.jpg, 输出homo1.jpg
裁剪
1
1.045539, 0.51500142, -41.592587,
 -0.0020155783, 1.185478, -13.530135,
 -3.5282657e-05, 0.00080265949, 1

2
1.1164401, 0.54456758, -94.615791,
 -0.0077634314, 1.3175242, -28.867954,
 -3.546946e-05, 0.0008676349, 1

3
1.3831842, 0.47200704, -201.12245，
 0.075846046, 1.6622248, -141.40575,
 7.9624275e-05, 0.00079000951, 1

4
[1.1679442, 0.56799108, -85.959335,
 0.035300445, 1.335441, -29.89949,
 3.3666565e-05, 0.00094908517, 1]
5
[1.334017, 0.59863353, -203.31641,
 0.011788074, 1.4407248, -48.11414,
 3.7069414e-05, 0.00091013371, 1]
6
[1.1328534, 0.49347752, -101.61666,
 -0.0062768925, 1.3140888, -31.656225,
 -3.775704e-05, 0.00078181515, 1]
8
[1.2748616, 0.52374977, -154.36357,
 0.021217706, 1.5627667, -106.87595,
 -1.3139635e-05, 0.00094286498, 1]
9
[1.4860548, 0.61001885, -223.44925,
 0.098133564, 1.7714455, -142.29059,
 0.00011153967, 0.0011745294, 1]

11
9.777536944997783, 9.524911065533747, -5027.294538298889;
 -0.1764915571522455, 17.95782025069296, -4213.105578065692;
 -0.0009619518865748227, 0.01758883952489647, 0.9999999999999999

12
22.19466035770148, 22.88538434836284, -14070.63802897708,
 0.4485420005905156, 41.75108423147683, -12440.30445301853,
 0.000381195730825279, 0.03405656757476418, 0.9999999999999999

13
4.909046030839832, 4.765534626767542, -2502.390201508742;
 -0.1018298622633236, 9.783280513405789, -2526.762121527132;
 -0.0001146982014730432, 0.007554135652120523, 1

14
7.184917004758338, 7.906423568653579, -4288.246260855875,
 -0.8104174205906565, 14.00455566670682, -3322.005563494831,
 -0.001011897058077115, 0.01245016343267764, 1




不裁剪
11
1.9457436, 1.7105424, -540.81537,
 0.026064662, 2.8242791, -297.27377,
 -0.0001168901, 0.0031828799, 1
14
[1.8734888, 2.0008643, -580.31403,
 -0.056556679, 3.0496945, -322.58008,
 -4.9561371e-05, 0.0031255898, 1]